   0.0000000000000000e+00                      inf
   1.0000000000000001e-01   9.5135076986687306e+00
   2.0000000000000001e-01   4.5908437119988026e+00
   3.0000000000000004e-01   2.9915689876875904e+00
   4.0000000000000002e-01   2.2181595437576882e+00
   5.0000000000000000e-01   1.7724538509055161e+00
   6.0000000000000009e-01   1.4891922488128169e+00
   7.0000000000000007e-01   1.2980553326475577e+00
   8.0000000000000004e-01   1.1642297137253033e+00
   9.0000000000000002e-01   1.0686287021193193e+00
   1.0000000000000000e+00   1.0000000000000000e+00
   1.1000000000000001e+00   9.5135076986687317e-01
   1.2000000000000002e+00   9.1816874239976054e-01
   1.3000000000000000e+00   8.9747069630627718e-01
   1.4000000000000001e+00   8.8726381750307526e-01
   1.5000000000000000e+00   8.8622692545275805e-01
   1.6000000000000001e+00   8.9351534928769027e-01
   1.7000000000000002e+00   9.0863873285329044e-01
   1.8000000000000000e+00   9.3138377098024261e-01
   1.9000000000000001e+00   9.6176583190738751e-01
   2.0000000000000000e+00   1.0000000000000000e+00
   2.1000000000000001e+00   1.0464858468535605e+00
   2.2000000000000002e+00   1.1018024908797128e+00
   2.3000000000000003e+00   1.1667119051981605e+00
   2.4000000000000004e+00   1.2421693445043056e+00
   2.5000000000000000e+00   1.3293403881791370e+00
   2.6000000000000001e+00   1.4296245588603045e+00
   2.7000000000000002e+00   1.5446858458505939e+00
   2.8000000000000003e+00   1.6764907877644371e+00
   2.9000000000000004e+00   1.8273550806240366e+00
   3.0000000000000000e+00   2.0000000000000000e+00
   3.1000000000000001e+00   2.1976202783924772e+00
   3.2000000000000002e+00   2.4239654799353683e+00
   3.3000000000000003e+00   2.6834373819557698e+00
   3.4000000000000004e+00   2.9812064268103340e+00
   3.5000000000000000e+00   3.3233509704478426e+00
   3.6000000000000001e+00   3.7170238530367916e+00
   3.7000000000000002e+00   4.1706517837966040e+00
   3.8000000000000003e+00   4.6941742057404241e+00
   3.9000000000000004e+00   5.2993297338097065e+00
   4.0000000000000000e+00   6.0000000000000000e+00
   4.1000000000000005e+00   6.8126228630166832e+00
   4.2000000000000002e+00   7.7566895357931793e+00
   4.2999999999999998e+00   8.8553433604540341e+00
   4.4000000000000004e+00   1.0136101851155136e+01
   4.5000000000000000e+00   1.1631728396567450e+01
   4.6000000000000005e+00   1.3381285870932460e+01
   4.7000000000000002e+00   1.5431411600047435e+01
   4.8000000000000007e+00   1.7837861981813628e+01
   4.9000000000000004e+00   2.0667385961857857e+01
   5.0000000000000000e+00   2.4000000000000000e+01
   5.1000000000000005e+00   2.7931753738368407e+01
   5.2000000000000002e+00   3.2578096050331347e+01
   5.3000000000000007e+00   3.8077976449952402e+01
   5.4000000000000004e+00   4.4598848145082606e+01
   5.5000000000000000e+00   5.2342777784553519e+01
   5.6000000000000005e+00   6.1553915006289323e+01
   5.7000000000000002e+00   7.2527634520222932e+01
   5.8000000000000007e+00   8.5621737512705423e+01
   5.9000000000000004e+00   1.0127019121310350e+02
   6.0000000000000000e+00   1.2000000000000000e+02
   6.1000000000000005e+00   1.4245194406567887e+02
   6.2000000000000002e+00   1.6940609946172304e+02
   6.3000000000000007e+00   2.0181327518474777e+02
   6.4000000000000004e+00   2.4083377998344608e+02
   6.5000000000000000e+00   2.8788527781504433e+02
   6.6000000000000005e+00   3.4470192403522015e+02
   6.7000000000000002e+00   4.1340751676527083e+02
   6.8000000000000007e+00   4.9660607757369155e+02
   6.9000000000000004e+00   5.9749412815731080e+02
   7.0000000000000000e+00   7.2000000000000000e+02
   7.1000000000000005e+00   8.6895685880064104e+02
   7.2000000000000002e+00   1.0503178166626831e+03
   7.3000000000000007e+00   1.2714236336639108e+03
   7.4000000000000004e+00   1.5413361918940552e+03
   7.5000000000000000e+00   1.8712543057977882e+03
   7.6000000000000005e+00   2.2750326986324530e+03
   7.7000000000000002e+00   2.7698303623273146e+03
   7.8000000000000007e+00   3.3769213275011030e+03
   7.9000000000000004e+00   4.1227094842854449e+03
   8.0000000000000000e+00   5.0400000000000000e+03
   8.0999999999999996e+00   6.1695936974845408e+03
   8.2000000000000011e+00   7.5622882799713307e+03
   8.3000000000000007e+00   9.2813925257465489e+03
   8.4000000000000004e+00   1.1405887820016009e+04
   8.5000000000000000e+00   1.4034407293483411e+04
   8.5999999999999996e+00   1.7290248509606616e+04
   8.7000000000000011e+00   2.1327693789920362e+04
   8.8000000000000007e+00   2.6339986354508605e+04
   8.9000000000000004e+00   3.2569404925855015e+04
   9.0000000000000000e+00   4.0320000000000000e+04
   9.0999999999999996e+00   4.9973708949624779e+04
   9.2000000000000011e+00   6.2010763895764918e+04
   9.3000000000000007e+00   7.7035557963696367e+04
   9.4000000000000004e+00   9.5809457688134484e+04
   9.5000000000000000e+00   1.1929246199460900e+05
   9.6000000000000014e+00   1.4869613718261744e+05
   9.7000000000000011e+00   1.8555093597230720e+05
   9.8000000000000007e+00   2.3179187991967573e+05
   9.9000000000000004e+00   2.8986770384010964e+05
   1.0000000000000000e+01   3.6288000000000000e+05
   1.0100000000000001e+01   4.5476075144158729e+05
   1.0200000000000001e+01   5.7049902784103726e+05
   1.0300000000000001e+01   7.1643068906237627e+05
   1.0400000000000000e+01   9.0060890226846421e+05
   1.0500000000000000e+01   1.1332783889487854e+06
   1.0600000000000001e+01   1.4274829169531278e+06
   1.0700000000000001e+01   1.7998440789313798e+06
   1.0800000000000001e+01   2.2715604232128225e+06
   1.0900000000000000e+01   2.8696902680170853e+06
